1 05 2017 11:00:00.000    1 05 2017 19:13:16.070
2 05 2017 00:59:18.816    2 05 2017 19:15:15.939
3 05 2017 00:57:06.339    3 05 2017 19:17:16.335
4 05 2017 00:54:54.400    4 05 2017 19:19:17.233
5 05 2017 00:52:43.043    5 05 2017 19:21:18.577
6 05 2017 00:50:32.324    6 05 2017 19:23:20.335
7 05 2017 00:48:22.303    7 05 2017 19:25:22.455
8 05 2017 00:46:13.035    8 05 2017 19:27:24.890
9 05 2017 00:44:04.586    9 05 2017 19:29:27.587

1 05 2017 11:00:00.000    1 05 2017 13:41:50.404
1 05 2017 23:46:27.965    2 05 2017 13:41:27.528
2 05 2017 23:46:37.592    3 05 2017 13:41:05.494
3 05 2017 23:46:47.434    4 05 2017 13:40:44.310
4 05 2017 23:46:57.492    5 05 2017 13:40:23.983
5 05 2017 23:47:07.772    6 05 2017 13:40:04.520
6 05 2017 23:47:18.282    7 05 2017 13:39:45.930
7 05 2017 23:47:29.027    8 05 2017 13:39:28.212
8 05 2017 23:47:40.012    9 05 2017 13:39:11.379
9 05 2017 23:47:51.242    10 05 2017 00:00:00.000

1 05 2017 11:00:00.000    1 05 2017 11:48:53.073
1 05 2017 22:24:31.627    2 05 2017 11:47:45.182
2 05 2017 22:25:26.008    3 05 2017 11:46:38.734
3 05 2017 22:26:19.993    4 05 2017 11:45:33.746
4 05 2017 22:27:13.575    5 05 2017 11:44:30.236
5 05 2017 22:28:06.749    6 05 2017 11:43:28.222
6 05 2017 22:28:59.511    7 05 2017 11:42:27.722
7 05 2017 22:29:51.854    8 05 2017 11:41:28.753
8 05 2017 22:30:43.771    9 05 2017 11:40:31.336
9 05 2017 22:31:35.255    10 05 2017 00:00:00.000

1 05 2017 16:46:46.038    2 05 2017 06:05:29.547
2 05 2017 16:47:59.618    3 05 2017 06:04:03.861
3 05 2017 16:49:12.529    4 05 2017 06:02:39.906
4 05 2017 16:50:24.755    5 05 2017 06:01:17.702
5 05 2017 16:51:36.298    6 05 2017 05:59:57.270
6 05 2017 16:52:47.138    7 05 2017 05:58:38.634
7 05 2017 16:53:57.274    8 05 2017 05:57:21.815
8 05 2017 16:55:06.693    9 05 2017 05:56:06.834
9 05 2017 16:56:15.385    10 05 2017 00:00:00.000